department,create_time,statistic_cycle,object_type,biz_name,level,stability,timeliness,completeness,accuracy,consistency,uniqueness,normativity,interface_business_level_id
-,20250629,1,1,一经,P0,100%,83%,100%,100%,100%,100%,100%,1753793284117
-,20250629,1,1,其他,P5,100%,86%,100%,100%,100%,100%,100%,1753793284118
-,20250629,1,1,掌经,P1,-,-,-,-,-,-,-,1753793284119
-,20250629,1,1,移动办公常关注,P4,-,-,-,-,-,-,-,1753793284120
-,20250629,1,1,重点监控,P3,100%,90%,100%,100%,100%,100%,100%,1753793284121
-,20250629,1,2,一经,P0,100%,83%,100%,100%,100%,100%,100%,1753793284122
-,20250629,1,2,其他,P5,100%,86%,100%,100%,100%,100%,100%,1753793284123
-,20250629,1,2,掌经,P1,-,-,-,-,-,-,-,1753793284124
-,20250629,1,2,移动办公常关注,P4,-,-,-,-,-,-,-,1753793284125
-,20250629,1,2,重点监控,P3,100%,90%,100%,100%,100%,100%,100%,1753793284126
-,20250629,2,1,一经,P0,100%,83%,100%,100%,100%,100%,100%,1753793284127
-,20250629,2,1,其他,P5,100%,86%,100%,100%,100%,100%,100%,1753793284128
-,20250629,2,1,掌经,P1,-,-,-,-,-,-,-,1753793284129
-,20250629,2,1,移动办公常关注,P4,-,-,-,-,-,-,-,1753793284130
-,20250629,2,1,重点监控,P3,100%,90%,100%,100%,100%,100%,100%,1753793284131
-,20250629,2,2,一经,P0,100%,83%,100%,100%,100%,100%,100%,1753793284132
-,20250629,2,2,其他,P5,100%,86%,100%,100%,100%,100%,100%,1753793284133
-,20250629,2,2,掌经,P1,-,-,-,-,-,-,-,1753793284134
-,20250629,2,2,移动办公常关注,P4,-,-,-,-,-,-,-,1753793284135
-,20250629,2,2,重点监控,P3,100%,90%,100%,100%,100%,100%,100%,1753793284136
-,20250629,3,1,一经,P0,100%,83%,100%,100%,100%,100%,100%,1753793284137
-,20250629,3,1,其他,P5,100%,86%,100%,100%,100%,100%,100%,1753793284138
-,20250629,3,1,掌经,P1,-,-,-,-,-,-,-,1753793284139
-,20250629,3,1,移动办公常关注,P4,-,-,-,-,-,-,-,1753793284140
-,20250629,3,1,重点监控,P3,100%,90%,100%,100%,100%,100%,100%,1753793284141
-,20250629,3,2,一经,P0,100%,83%,100%,100%,100%,100%,100%,1753793284142
-,20250629,3,2,其他,P5,100%,86%,100%,100%,100%,100%,100%,1753793284143
-,20250629,3,2,掌经,P1,-,-,-,-,-,-,-,1753793284144
-,20250629,3,2,移动办公常关注,P4,-,-,-,-,-,-,-,1753793284145
-,20250629,3,2,重点监控,P3,100%,90%,100%,100%,100%,100%,100%,1753793284146
集团客户部,20250629,1,1,一经,P0,100%,83%,100%,100%,100%,100%,100%,1753793284147
集团客户部,20250629,1,1,其他,P5,100%,93%,100%,100%,100%,100%,100%,1753793284148
集团客户部,20250629,1,1,掌经,P1,-,-,-,-,-,-,-,1753793284149
集团客户部,20250629,1,1,移动办公常关注,P4,100%,100%,100%,100%,100%,100%,100%,1753793284150
集团客户部,20250629,1,1,重点监控,P3,-,-,-,-,-,-,-,1753793284151
集团客户部,20250629,1,2,一经,P0,100%,83%,100%,100%,100%,100%,100%,1753793284152
集团客户部,20250629,1,2,其他,P5,100%,93%,100%,100%,100%,100%,100%,1753793284153
集团客户部,20250629,1,2,掌经,P1,-,-,-,-,-,-,-,1753793284154
集团客户部,20250629,1,2,移动办公常关注,P4,100%,100%,100%,100%,100%,100%,100%,1753793284155
集团客户部,20250629,1,2,重点监控,P3,-,-,-,-,-,-,-,1753793284156
集团客户部,20250629,2,1,一经,P0,100%,83%,100%,100%,100%,100%,100%,1753793284157
集团客户部,20250629,2,1,其他,P5,100%,93%,100%,100%,100%,100%,100%,1753793284158
集团客户部,20250629,2,1,掌经,P1,-,-,-,-,-,-,-,1753793284159
集团客户部,20250629,2,1,移动办公常关注,P4,100%,100%,100%,100%,100%,100%,100%,1753793284160
集团客户部,20250629,2,1,重点监控,P3,-,-,-,-,-,-,-,1753793284161
集团客户部,20250629,2,2,一经,P0,100%,83%,100%,100%,100%,100%,100%,1753793284162
集团客户部,20250629,2,2,其他,P5,100%,93%,100%,100%,100%,100%,100%,1753793284163
集团客户部,20250629,2,2,掌经,P1,-,-,-,-,-,-,-,1753793284164
集团客户部,20250629,2,2,移动办公常关注,P4,100%,100%,100%,100%,100%,100%,100%,1753793284165
集团客户部,20250629,2,2,重点监控,P3,-,-,-,-,-,-,-,1753793284166
集团客户部,20250629,3,1,一经,P0,100%,83%,100%,100%,100%,100%,100%,1753793284167
集团客户部,20250629,3,1,其他,P5,100%,93%,100%,100%,100%,100%,100%,1753793284168
集团客户部,20250629,3,1,掌经,P1,-,-,-,-,-,-,-,1753793284169
集团客户部,20250629,3,1,移动办公常关注,P4,100%,100%,100%,100%,100%,100%,100%,1753793284170
集团客户部,20250629,3,1,重点监控,P3,-,-,-,-,-,-,-,1753793284171
集团客户部,20250629,3,2,一经,P0,100%,83%,100%,100%,100%,100%,100%,1753793284172
集团客户部,20250629,3,2,其他,P5,100%,93%,100%,100%,100%,100%,100%,1753793284173
集团客户部,20250629,3,2,掌经,P1,-,-,-,-,-,-,-,1753793284174
集团客户部,20250629,3,2,移动办公常关注,P4,100%,100%,100%,100%,100%,100%,100%,1753793284175
集团客户部,20250629,3,2,重点监控,P3,-,-,-,-,-,-,-,1753793284176
信息系统部,20250629,1,1,一经,P0,100%,87%,100%,100%,100%,100%,100%,1753793284177
信息系统部,20250629,1,1,其他,P5,100%,85%,100%,100%,100%,100%,100%,1753793284178
信息系统部,20250629,1,1,掌经,P1,-,-,-,-,-,-,-,1753793284179
信息系统部,20250629,1,1,移动办公常关注,P4,100%,100%,100%,100%,100%,100%,100%,1753793284180
信息系统部,20250629,1,1,重点监控,P3,100%,80%,100%,100%,100%,100%,100%,1753793284181
信息系统部,20250629,1,2,一经,P0,100%,87%,100%,100%,100%,100%,100%,1753793284182
信息系统部,20250629,1,2,其他,P5,100%,85%,100%,100%,100%,100%,100%,1753793284183
信息系统部,20250629,1,2,掌经,P1,-,-,-,-,-,-,-,1753793284184
信息系统部,20250629,1,2,移动办公常关注,P4,100%,100%,100%,100%,100%,100%,100%,1753793284185
信息系统部,20250629,1,2,重点监控,P3,100%,80%,100%,100%,100%,100%,100%,1753793284186
信息系统部,20250629,2,1,一经,P0,100%,87%,100%,100%,100%,100%,100%,1753793284187
信息系统部,20250629,2,1,其他,P5,100%,85%,100%,100%,100%,100%,100%,1753793284188
信息系统部,20250629,2,1,掌经,P1,-,-,-,-,-,-,-,1753793284189
信息系统部,20250629,2,1,移动办公常关注,P4,100%,100%,100%,100%,100%,100%,100%,1753793284190
信息系统部,20250629,2,1,重点监控,P3,100%,80%,100%,100%,100%,100%,100%,1753793284191
信息系统部,20250629,2,2,一经,P0,100%,87%,100%,100%,100%,100%,100%,1753793284192
信息系统部,20250629,2,2,其他,P5,100%,85%,100%,100%,100%,100%,100%,1753793284193
信息系统部,20250629,2,2,掌经,P1,-,-,-,-,-,-,-,1753793284194
信息系统部,20250629,2,2,移动办公常关注,P4,100%,100%,100%,100%,100%,100%,100%,1753793284195
信息系统部,20250629,2,2,重点监控,P3,100%,80%,100%,100%,100%,100%,100%,1753793284196
信息系统部,20250629,3,1,一经,P0,100%,87%,100%,100%,100%,100%,100%,1753793284197
信息系统部,20250629,3,1,其他,P5,100%,85%,100%,100%,100%,100%,100%,1753793284198
信息系统部,20250629,3,1,掌经,P1,-,-,-,-,-,-,-,1753793284199
信息系统部,20250629,3,1,移动办公常关注,P4,100%,100%,100%,100%,100%,100%,100%,1753793284200
信息系统部,20250629,3,1,重点监控,P3,100%,80%,100%,100%,100%,100%,100%,1753793284201
信息系统部,20250629,3,2,一经,P0,100%,87%,100%,100%,100%,100%,100%,1753793284202
信息系统部,20250629,3,2,其他,P5,100%,85%,100%,100%,100%,100%,100%,1753793284203
信息系统部,20250629,3,2,掌经,P1,-,-,-,-,-,-,-,1753793284204
信息系统部,20250629,3,2,移动办公常关注,P4,100%,100%,100%,100%,100%,100%,100%,1753793284205
信息系统部,20250629,3,2,重点监控,P3,100%,80%,100%,100%,100%,100%,100%,1753793284206
服务管理部,20250629,1,1,一经,P0,100%,78%,100%,100%,100%,100%,100%,1753793284207
服务管理部,20250629,1,1,其他,P5,100%,98%,100%,100%,100%,100%,100%,1753793284208
服务管理部,20250629,1,1,掌经,P1,-,-,-,-,-,-,-,1753793284209
服务管理部,20250629,1,1,移动办公常关注,P4,-,-,-,-,-,-,-,1753793284210
服务管理部,20250629,1,1,重点监控,P3,-,-,-,-,-,-,-,1753793284211
服务管理部,20250629,1,2,一经,P0,100%,78%,100%,100%,100%,100%,100%,1753793284212
服务管理部,20250629,1,2,其他,P5,100%,98%,100%,100%,100%,100%,100%,1753793284213
服务管理部,20250629,1,2,掌经,P1,-,-,-,-,-,-,-,1753793284214
服务管理部,20250629,1,2,移动办公常关注,P4,-,-,-,-,-,-,-,1753793284215
服务管理部,20250629,1,2,重点监控,P3,-,-,-,-,-,-,-,1753793284216
服务管理部,20250629,2,1,一经,P0,100%,78%,100%,100%,100%,100%,100%,1753793284217
服务管理部,20250629,2,1,其他,P5,100%,98%,100%,100%,100%,100%,100%,1753793284218
服务管理部,20250629,2,1,掌经,P1,-,-,-,-,-,-,-,1753793284219
服务管理部,20250629,2,1,移动办公常关注,P4,-,-,-,-,-,-,-,1753793284220
服务管理部,20250629,2,1,重点监控,P3,-,-,-,-,-,-,-,1753793284221
服务管理部,20250629,2,2,一经,P0,100%,78%,100%,100%,100%,100%,100%,1753793284222
服务管理部,20250629,2,2,其他,P5,100%,98%,100%,100%,100%,100%,100%,1753793284223
服务管理部,20250629,2,2,掌经,P1,-,-,-,-,-,-,-,1753793284224
服务管理部,20250629,2,2,移动办公常关注,P4,-,-,-,-,-,-,-,1753793284225
服务管理部,20250629,2,2,重点监控,P3,-,-,-,-,-,-,-,1753793284226
服务管理部,20250629,3,1,一经,P0,100%,78%,100%,100%,100%,100%,100%,1753793284227
服务管理部,20250629,3,1,其他,P5,100%,98%,100%,100%,100%,100%,100%,1753793284228
服务管理部,20250629,3,1,掌经,P1,-,-,-,-,-,-,-,1753793284229
服务管理部,20250629,3,1,移动办公常关注,P4,-,-,-,-,-,-,-,1753793284230
服务管理部,20250629,3,1,重点监控,P3,-,-,-,-,-,-,-,1753793284231
服务管理部,20250629,3,2,一经,P0,100%,78%,100%,100%,100%,100%,100%,1753793284232
服务管理部,20250629,3,2,其他,P5,100%,98%,100%,100%,100%,100%,100%,1753793284233
服务管理部,20250629,3,2,掌经,P1,-,-,-,-,-,-,-,1753793284234
服务管理部,20250629,3,2,移动办公常关注,P4,-,-,-,-,-,-,-,1753793284235
服务管理部,20250629,3,2,重点监控,P3,-,-,-,-,-,-,-,1753793284236
市场部,20250629,1,1,一经,P0,100%,81%,100%,100%,100%,100%,100%,1753793284237
市场部,20250629,1,1,其他,P5,100%,96%,100%,100%,100%,100%,100%,1753793284238
市场部,20250629,1,1,掌经,P1,100%,100%,100%,100%,100%,100%,100%,1753793284239
市场部,20250629,1,1,移动办公常关注,P4,-,-,-,-,-,-,-,1753793284240
市场部,20250629,1,1,重点监控,P3,-,-,-,-,-,-,-,1753793284241
市场部,20250629,1,2,一经,P0,100%,81%,100%,100%,100%,100%,100%,1753793284242
市场部,20250629,1,2,其他,P5,100%,96%,100%,100%,100%,100%,100%,1753793284243
市场部,20250629,1,2,掌经,P1,100%,100%,100%,100%,100%,100%,100%,1753793284244
市场部,20250629,1,2,移动办公常关注,P4,-,-,-,-,-,-,-,1753793284245
市场部,20250629,1,2,重点监控,P3,-,-,-,-,-,-,-,1753793284246
市场部,20250629,2,1,一经,P0,100%,81%,100%,100%,100%,100%,100%,1753793284247
市场部,20250629,2,1,其他,P5,100%,96%,100%,100%,100%,100%,100%,1753793284248
市场部,20250629,2,1,掌经,P1,100%,100%,100%,100%,100%,100%,100%,1753793284249
市场部,20250629,2,1,移动办公常关注,P4,-,-,-,-,-,-,-,1753793284250
市场部,20250629,2,1,重点监控,P3,-,-,-,-,-,-,-,1753793284251
市场部,20250629,2,2,一经,P0,100%,81%,100%,100%,100%,100%,100%,1753793284252
市场部,20250629,2,2,其他,P5,100%,96%,100%,100%,100%,100%,100%,1753793284253
市场部,20250629,2,2,掌经,P1,100%,100%,100%,100%,100%,100%,100%,1753793284254
市场部,20250629,2,2,移动办公常关注,P4,-,-,-,-,-,-,-,1753793284255
市场部,20250629,2,2,重点监控,P3,-,-,-,-,-,-,-,1753793284256
市场部,20250629,3,1,一经,P0,100%,81%,100%,100%,100%,100%,100%,1753793284257
市场部,20250629,3,1,其他,P5,100%,96%,100%,100%,100%,100%,100%,1753793284258
市场部,20250629,3,1,掌经,P1,100%,100%,100%,100%,100%,100%,100%,1753793284259
市场部,20250629,3,1,移动办公常关注,P4,-,-,-,-,-,-,-,1753793284260
市场部,20250629,3,1,重点监控,P3,-,-,-,-,-,-,-,1753793284261
市场部,20250629,3,2,一经,P0,100%,81%,100%,100%,100%,100%,100%,1753793284262
市场部,20250629,3,2,其他,P5,100%,96%,100%,100%,100%,100%,100%,1753793284263
市场部,20250629,3,2,掌经,P1,100%,100%,100%,100%,100%,100%,100%,1753793284264
市场部,20250629,3,2,移动办公常关注,P4,-,-,-,-,-,-,-,1753793284265
市场部,20250629,3,2,重点监控,P3,-,-,-,-,-,-,-,1753793284266
客户运营中心,20250629,1,1,一经,P0,100%,82%,100%,100%,100%,100%,100%,1753793284267
客户运营中心,20250629,1,1,其他,P5,100%,93%,100%,100%,100%,100%,100%,1753793284268
客户运营中心,20250629,1,1,掌经,P1,-,-,-,-,-,-,-,1753793284269
客户运营中心,20250629,1,1,移动办公常关注,P4,-,-,-,-,-,-,-,1753793284270
客户运营中心,20250629,1,1,重点监控,P3,-,-,-,-,-,-,-,1753793284271
客户运营中心,20250629,1,2,一经,P0,100%,82%,100%,100%,100%,100%,100%,1753793284272
客户运营中心,20250629,1,2,其他,P5,100%,93%,100%,100%,100%,100%,100%,1753793284273
客户运营中心,20250629,1,2,掌经,P1,-,-,-,-,-,-,-,1753793284274
客户运营中心,20250629,1,2,移动办公常关注,P4,-,-,-,-,-,-,-,1753793284275
客户运营中心,20250629,1,2,重点监控,P3,-,-,-,-,-,-,-,1753793284276
客户运营中心,20250629,2,1,一经,P0,100%,82%,100%,100%,100%,100%,100%,1753793284277
客户运营中心,20250629,2,1,其他,P5,100%,93%,100%,100%,100%,100%,100%,1753793284278
客户运营中心,20250629,2,1,掌经,P1,-,-,-,-,-,-,-,1753793284279
客户运营中心,20250629,2,1,移动办公常关注,P4,-,-,-,-,-,-,-,1753793284280
客户运营中心,20250629,2,1,重点监控,P3,-,-,-,-,-,-,-,1753793284281
客户运营中心,20250629,2,2,一经,P0,100%,82%,100%,100%,100%,100%,100%,1753793284282
客户运营中心,20250629,2,2,其他,P5,100%,93%,100%,100%,100%,100%,100%,1753793284283
客户运营中心,20250629,2,2,掌经,P1,-,-,-,-,-,-,-,1753793284284
客户运营中心,20250629,2,2,移动办公常关注,P4,-,-,-,-,-,-,-,1753793284285
客户运营中心,20250629,2,2,重点监控,P3,-,-,-,-,-,-,-,1753793284286
客户运营中心,20250629,3,1,一经,P0,100%,82%,100%,100%,100%,100%,100%,1753793284287
客户运营中心,20250629,3,1,其他,P5,100%,93%,100%,100%,100%,100%,100%,1753793284288
客户运营中心,20250629,3,1,掌经,P1,-,-,-,-,-,-,-,1753793284289
客户运营中心,20250629,3,1,移动办公常关注,P4,-,-,-,-,-,-,-,1753793284290
客户运营中心,20250629,3,1,重点监控,P3,-,-,-,-,-,-,-,1753793284291
客户运营中心,20250629,3,2,一经,P0,100%,82%,100%,100%,100%,100%,100%,1753793284292
客户运营中心,20250629,3,2,其他,P5,100%,93%,100%,100%,100%,100%,100%,1753793284293
客户运营中心,20250629,3,2,掌经,P1,-,-,-,-,-,-,-,1753793284294
客户运营中心,20250629,3,2,移动办公常关注,P4,-,-,-,-,-,-,-,1753793284295
客户运营中心,20250629,3,2,重点监控,P3,-,-,-,-,-,-,-,1753793284296
内审部,20250629,1,1,一经,P0,100%,90%,100%,100%,100%,100%,100%,1753793284297
内审部,20250629,1,1,其他,P5,100%,94%,100%,100%,100%,100%,100%,1753793284298
内审部,20250629,1,1,掌经,P1,-,-,-,-,-,-,-,1753793284299
内审部,20250629,1,1,移动办公常关注,P4,-,-,-,-,-,-,-,1753793284300
内审部,20250629,1,1,重点监控,P3,-,-,-,-,-,-,-,1753793284301
内审部,20250629,1,2,一经,P0,100%,90%,100%,100%,100%,100%,100%,1753793284302
内审部,20250629,1,2,其他,P5,100%,94%,100%,100%,100%,100%,100%,1753793284303
内审部,20250629,1,2,掌经,P1,-,-,-,-,-,-,-,1753793284304
内审部,20250629,1,2,移动办公常关注,P4,-,-,-,-,-,-,-,1753793284305
内审部,20250629,1,2,重点监控,P3,-,-,-,-,-,-,-,1753793284306
内审部,20250629,2,1,一经,P0,100%,90%,100%,100%,100%,100%,100%,1753793284307
内审部,20250629,2,1,其他,P5,100%,94%,100%,100%,100%,100%,100%,1753793284308
内审部,20250629,2,1,掌经,P1,-,-,-,-,-,-,-,1753793284309
内审部,20250629,2,1,移动办公常关注,P4,-,-,-,-,-,-,-,1753793284310
内审部,20250629,2,1,重点监控,P3,-,-,-,-,-,-,-,1753793284311
内审部,20250629,2,2,一经,P0,100%,90%,100%,100%,100%,100%,100%,1753793284312
内审部,20250629,2,2,其他,P5,100%,94%,100%,100%,100%,100%,100%,1753793284313
内审部,20250629,2,2,掌经,P1,-,-,-,-,-,-,-,1753793284314
内审部,20250629,2,2,移动办公常关注,P4,-,-,-,-,-,-,-,1753793284315
内审部,20250629,2,2,重点监控,P3,-,-,-,-,-,-,-,1753793284316
内审部,20250629,3,1,一经,P0,100%,90%,100%,100%,100%,100%,100%,1753793284317
内审部,20250629,3,1,其他,P5,100%,94%,100%,100%,100%,100%,100%,1753793284318
内审部,20250629,3,1,掌经,P1,-,-,-,-,-,-,-,1753793284319
内审部,20250629,3,1,移动办公常关注,P4,-,-,-,-,-,-,-,1753793284320
内审部,20250629,3,1,重点监控,P3,-,-,-,-,-,-,-,1753793284321
内审部,20250629,3,2,一经,P0,100%,90%,100%,100%,100%,100%,100%,1753793284322
内审部,20250629,3,2,其他,P5,100%,94%,100%,100%,100%,100%,100%,1753793284323
内审部,20250629,3,2,掌经,P1,-,-,-,-,-,-,-,1753793284324
内审部,20250629,3,2,移动办公常关注,P4,-,-,-,-,-,-,-,1753793284325
内审部,20250629,3,2,重点监控,P3,-,-,-,-,-,-,-,1753793284326
业务室,20250629,1,1,一经,P0,100%,96%,100%,100%,100%,100%,100%,1753793284327
业务室,20250629,1,1,其他,P5,100%,87%,100%,100%,100%,100%,100%,1753793284328
业务室,20250629,1,1,掌经,P1,-,-,-,-,-,-,-,1753793284329
业务室,20250629,1,1,移动办公常关注,P4,-,-,-,-,-,-,-,1753793284330
业务室,20250629,1,1,重点监控,P3,-,-,-,-,-,-,-,1753793284331
业务室,20250629,1,2,一经,P0,100%,96%,100%,100%,100%,100%,100%,1753793284332
业务室,20250629,1,2,其他,P5,100%,87%,100%,100%,100%,100%,100%,1753793284333
业务室,20250629,1,2,掌经,P1,-,-,-,-,-,-,-,1753793284334
业务室,20250629,1,2,移动办公常关注,P4,-,-,-,-,-,-,-,1753793284335
业务室,20250629,1,2,重点监控,P3,-,-,-,-,-,-,-,1753793284336
业务室,20250629,2,1,一经,P0,100%,96%,100%,100%,100%,100%,100%,1753793284337
业务室,20250629,2,1,其他,P5,100%,87%,100%,100%,100%,100%,100%,1753793284338
业务室,20250629,2,1,掌经,P1,-,-,-,-,-,-,-,1753793284339
业务室,20250629,2,1,移动办公常关注,P4,-,-,-,-,-,-,-,1753793284340
业务室,20250629,2,1,重点监控,P3,-,-,-,-,-,-,-,1753793284341
业务室,20250629,2,2,一经,P0,100%,96%,100%,100%,100%,100%,100%,1753793284342
业务室,20250629,2,2,其他,P5,100%,87%,100%,100%,100%,100%,100%,1753793284343
业务室,20250629,2,2,掌经,P1,-,-,-,-,-,-,-,1753793284344
业务室,20250629,2,2,移动办公常关注,P4,-,-,-,-,-,-,-,1753793284345
业务室,20250629,2,2,重点监控,P3,-,-,-,-,-,-,-,1753793284346
业务室,20250629,3,1,一经,P0,100%,96%,100%,100%,100%,100%,100%,1753793284347
业务室,20250629,3,1,其他,P5,100%,87%,100%,100%,100%,100%,100%,1753793284348
业务室,20250629,3,1,掌经,P1,-,-,-,-,-,-,-,1753793284349
业务室,20250629,3,1,移动办公常关注,P4,-,-,-,-,-,-,-,1753793284350
业务室,20250629,3,1,重点监控,P3,-,-,-,-,-,-,-,1753793284351
业务室,20250629,3,2,一经,P0,100%,96%,100%,100%,100%,100%,100%,1753793284352
业务室,20250629,3,2,其他,P5,100%,87%,100%,100%,100%,100%,100%,1753793284353
业务室,20250629,3,2,掌经,P1,-,-,-,-,-,-,-,1753793284354
业务室,20250629,3,2,移动办公常关注,P4,-,-,-,-,-,-,-,1753793284355
业务室,20250629,3,2,重点监控,P3,-,-,-,-,-,-,-,1753793284356
渠道运营中心,20250629,1,1,一经,P0,100%,86%,100%,100%,100%,100%,100%,1753793284357
渠道运营中心,20250629,1,1,其他,P5,100%,92%,100%,100%,100%,100%,100%,1753793284358
渠道运营中心,20250629,1,1,掌经,P1,-,-,-,-,-,-,-,1753793284359
渠道运营中心,20250629,1,1,移动办公常关注,P4,-,-,-,-,-,-,-,1753793284360
渠道运营中心,20250629,1,1,重点监控,P3,-,-,-,-,-,-,-,1753793284361
渠道运营中心,20250629,1,2,一经,P0,100%,86%,100%,100%,100%,100%,100%,1753793284362
渠道运营中心,20250629,1,2,其他,P5,100%,92%,100%,100%,100%,100%,100%,1753793284363
渠道运营中心,20250629,1,2,掌经,P1,-,-,-,-,-,-,-,1753793284364
渠道运营中心,20250629,1,2,移动办公常关注,P4,-,-,-,-,-,-,-,1753793284365
渠道运营中心,20250629,1,2,重点监控,P3,-,-,-,-,-,-,-,1753793284366
渠道运营中心,20250629,2,1,一经,P0,100%,86%,100%,100%,100%,100%,100%,1753793284367
渠道运营中心,20250629,2,1,其他,P5,100%,92%,100%,100%,100%,100%,100%,1753793284368
渠道运营中心,20250629,2,1,掌经,P1,-,-,-,-,-,-,-,1753793284369
渠道运营中心,20250629,2,1,移动办公常关注,P4,-,-,-,-,-,-,-,1753793284370
渠道运营中心,20250629,2,1,重点监控,P3,-,-,-,-,-,-,-,1753793284371
渠道运营中心,20250629,2,2,一经,P0,100%,86%,100%,100%,100%,100%,100%,1753793284372
渠道运营中心,20250629,2,2,其他,P5,100%,92%,100%,100%,100%,100%,100%,1753793284373
渠道运营中心,20250629,2,2,掌经,P1,-,-,-,-,-,-,-,1753793284374
渠道运营中心,20250629,2,2,移动办公常关注,P4,-,-,-,-,-,-,-,1753793284375
渠道运营中心,20250629,2,2,重点监控,P3,-,-,-,-,-,-,-,1753793284376
渠道运营中心,20250629,3,1,一经,P0,100%,86%,100%,100%,100%,100%,100%,1753793284377
渠道运营中心,20250629,3,1,其他,P5,100%,92%,100%,100%,100%,100%,100%,1753793284378
渠道运营中心,20250629,3,1,掌经,P1,-,-,-,-,-,-,-,1753793284379
渠道运营中心,20250629,3,1,移动办公常关注,P4,-,-,-,-,-,-,-,1753793284380
渠道运营中心,20250629,3,1,重点监控,P3,-,-,-,-,-,-,-,1753793284381
渠道运营中心,20250629,3,2,一经,P0,100%,86%,100%,100%,100%,100%,100%,1753793284382
渠道运营中心,20250629,3,2,其他,P5,100%,92%,100%,100%,100%,100%,100%,1753793284383
渠道运营中心,20250629,3,2,掌经,P1,-,-,-,-,-,-,-,1753793284384
渠道运营中心,20250629,3,2,移动办公常关注,P4,-,-,-,-,-,-,-,1753793284385
渠道运营中心,20250629,3,2,重点监控,P3,-,-,-,-,-,-,-,1753793284386
财务部,20250629,1,1,一经,P0,100%,90%,100%,100%,100%,100%,100%,1753793284387
财务部,20250629,1,1,其他,P5,100%,92%,100%,100%,100%,100%,100%,1753793284388
财务部,20250629,1,1,掌经,P1,100%,100%,100%,100%,100%,100%,100%,1753793284389
财务部,20250629,1,1,移动办公常关注,P4,-,-,-,-,-,-,-,1753793284390
财务部,20250629,1,1,重点监控,P3,-,-,-,-,-,-,-,1753793284391
财务部,20250629,1,2,一经,P0,100%,90%,100%,100%,100%,100%,100%,1753793284392
财务部,20250629,1,2,其他,P5,100%,92%,100%,100%,100%,100%,100%,1753793284393
财务部,20250629,1,2,掌经,P1,100%,100%,100%,100%,100%,100%,100%,1753793284394
财务部,20250629,1,2,移动办公常关注,P4,-,-,-,-,-,-,-,1753793284395
财务部,20250629,1,2,重点监控,P3,-,-,-,-,-,-,-,1753793284396
财务部,20250629,2,1,一经,P0,100%,90%,100%,100%,100%,100%,100%,1753793284397
财务部,20250629,2,1,其他,P5,100%,92%,100%,100%,100%,100%,100%,1753793284398
财务部,20250629,2,1,掌经,P1,100%,100%,100%,100%,100%,100%,100%,1753793284399
财务部,20250629,2,1,移动办公常关注,P4,-,-,-,-,-,-,-,1753793284400
财务部,20250629,2,1,重点监控,P3,-,-,-,-,-,-,-,1753793284401
财务部,20250629,2,2,一经,P0,100%,90%,100%,100%,100%,100%,100%,1753793284402
财务部,20250629,2,2,其他,P5,100%,92%,100%,100%,100%,100%,100%,1753793284403
财务部,20250629,2,2,掌经,P1,100%,100%,100%,100%,100%,100%,100%,1753793284404
财务部,20250629,2,2,移动办公常关注,P4,-,-,-,-,-,-,-,1753793284405
财务部,20250629,2,2,重点监控,P3,-,-,-,-,-,-,-,1753793284406
财务部,20250629,3,1,一经,P0,100%,90%,100%,100%,100%,100%,100%,1753793284407
财务部,20250629,3,1,其他,P5,100%,92%,100%,100%,100%,100%,100%,1753793284408
财务部,20250629,3,1,掌经,P1,100%,100%,100%,100%,100%,100%,100%,1753793284409
财务部,20250629,3,1,移动办公常关注,P4,-,-,-,-,-,-,-,1753793284410
财务部,20250629,3,1,重点监控,P3,-,-,-,-,-,-,-,1753793284411
财务部,20250629,3,2,一经,P0,100%,90%,100%,100%,100%,100%,100%,1753793284412
财务部,20250629,3,2,其他,P5,100%,92%,100%,100%,100%,100%,100%,1753793284413
财务部,20250629,3,2,掌经,P1,100%,100%,100%,100%,100%,100%,100%,1753793284414
财务部,20250629,3,2,移动办公常关注,P4,-,-,-,-,-,-,-,1753793284415
财务部,20250629,3,2,重点监控,P3,-,-,-,-,-,-,-,1753793284416
江门分公司,20250629,1,1,一经,P0,-,-,-,-,-,-,-,1753793284417
江门分公司,20250629,1,1,其他,P5,100%,80%,100%,100%,100%,100%,100%,1753793284418
江门分公司,20250629,1,1,掌经,P1,-,-,-,-,-,-,-,1753793284419
江门分公司,20250629,1,1,移动办公常关注,P4,-,-,-,-,-,-,-,1753793284420
江门分公司,20250629,1,1,重点监控,P3,-,-,-,-,-,-,-,1753793284421
江门分公司,20250629,1,2,一经,P0,-,-,-,-,-,-,-,1753793284422
江门分公司,20250629,1,2,其他,P5,100%,80%,100%,100%,100%,100%,100%,1753793284423
江门分公司,20250629,1,2,掌经,P1,-,-,-,-,-,-,-,1753793284424
江门分公司,20250629,1,2,移动办公常关注,P4,-,-,-,-,-,-,-,1753793284425
江门分公司,20250629,1,2,重点监控,P3,-,-,-,-,-,-,-,1753793284426
江门分公司,20250629,2,1,一经,P0,-,-,-,-,-,-,-,1753793284427
江门分公司,20250629,2,1,其他,P5,100%,80%,100%,100%,100%,100%,100%,1753793284428
江门分公司,20250629,2,1,掌经,P1,-,-,-,-,-,-,-,1753793284429
江门分公司,20250629,2,1,移动办公常关注,P4,-,-,-,-,-,-,-,1753793284430
江门分公司,20250629,2,1,重点监控,P3,-,-,-,-,-,-,-,1753793284431
江门分公司,20250629,2,2,一经,P0,-,-,-,-,-,-,-,1753793284432
江门分公司,20250629,2,2,其他,P5,100%,80%,100%,100%,100%,100%,100%,1753793284433
江门分公司,20250629,2,2,掌经,P1,-,-,-,-,-,-,-,1753793284434
江门分公司,20250629,2,2,移动办公常关注,P4,-,-,-,-,-,-,-,1753793284435
江门分公司,20250629,2,2,重点监控,P3,-,-,-,-,-,-,-,1753793284436
江门分公司,20250629,3,1,一经,P0,-,-,-,-,-,-,-,1753793284437
江门分公司,20250629,3,1,其他,P5,100%,80%,100%,100%,100%,100%,100%,1753793284438
江门分公司,20250629,3,1,掌经,P1,-,-,-,-,-,-,-,1753793284439
江门分公司,20250629,3,1,移动办公常关注,P4,-,-,-,-,-,-,-,1753793284440
江门分公司,20250629,3,1,重点监控,P3,-,-,-,-,-,-,-,1753793284441
江门分公司,20250629,3,2,一经,P0,-,-,-,-,-,-,-,1753793284442
江门分公司,20250629,3,2,其他,P5,100%,80%,100%,100%,100%,100%,100%,1753793284443
江门分公司,20250629,3,2,掌经,P1,-,-,-,-,-,-,-,1753793284444
江门分公司,20250629,3,2,移动办公常关注,P4,-,-,-,-,-,-,-,1753793284445
江门分公司,20250629,3,2,重点监控,P3,-,-,-,-,-,-,-,1753793284446
网络管理中心,20250629,1,1,一经,P0,100%,100%,100%,100%,100%,100%,100%,1753793284447
网络管理中心,20250629,1,1,其他,P5,100%,100%,100%,100%,100%,100%,100%,1753793284448
网络管理中心,20250629,1,1,掌经,P1,-,-,-,-,-,-,-,1753793284449
网络管理中心,20250629,1,1,移动办公常关注,P4,-,-,-,-,-,-,-,1753793284450
网络管理中心,20250629,1,1,重点监控,P3,-,-,-,-,-,-,-,1753793284451
网络管理中心,20250629,1,2,一经,P0,100%,100%,100%,100%,100%,100%,100%,1753793284452
网络管理中心,20250629,1,2,其他,P5,100%,100%,100%,100%,100%,100%,100%,1753793284453
网络管理中心,20250629,1,2,掌经,P1,-,-,-,-,-,-,-,1753793284454
网络管理中心,20250629,1,2,移动办公常关注,P4,-,-,-,-,-,-,-,1753793284455
网络管理中心,20250629,1,2,重点监控,P3,-,-,-,-,-,-,-,1753793284456
网络管理中心,20250629,2,1,一经,P0,100%,100%,100%,100%,100%,100%,100%,1753793284457
网络管理中心,20250629,2,1,其他,P5,100%,100%,100%,100%,100%,100%,100%,1753793284458
网络管理中心,20250629,2,1,掌经,P1,-,-,-,-,-,-,-,1753793284459
网络管理中心,20250629,2,1,移动办公常关注,P4,-,-,-,-,-,-,-,1753793284460
网络管理中心,20250629,2,1,重点监控,P3,-,-,-,-,-,-,-,1753793284461
网络管理中心,20250629,2,2,一经,P0,100%,100%,100%,100%,100%,100%,100%,1753793284462
网络管理中心,20250629,2,2,其他,P5,100%,100%,100%,100%,100%,100%,100%,1753793284463
网络管理中心,20250629,2,2,掌经,P1,-,-,-,-,-,-,-,1753793284464
网络管理中心,20250629,2,2,移动办公常关注,P4,-,-,-,-,-,-,-,1753793284465
网络管理中心,20250629,2,2,重点监控,P3,-,-,-,-,-,-,-,1753793284466
网络管理中心,20250629,3,1,一经,P0,100%,100%,100%,100%,100%,100%,100%,1753793284467
网络管理中心,20250629,3,1,其他,P5,100%,100%,100%,100%,100%,100%,100%,1753793284468
网络管理中心,20250629,3,1,掌经,P1,-,-,-,-,-,-,-,1753793284469
网络管理中心,20250629,3,1,移动办公常关注,P4,-,-,-,-,-,-,-,1753793284470
网络管理中心,20250629,3,1,重点监控,P3,-,-,-,-,-,-,-,1753793284471
网络管理中心,20250629,3,2,一经,P0,100%,100%,100%,100%,100%,100%,100%,1753793284472
网络管理中心,20250629,3,2,其他,P5,100%,100%,100%,100%,100%,100%,100%,1753793284473
网络管理中心,20250629,3,2,掌经,P1,-,-,-,-,-,-,-,1753793284474
网络管理中心,20250629,3,2,移动办公常关注,P4,-,-,-,-,-,-,-,1753793284475
网络管理中心,20250629,3,2,重点监控,P3,-,-,-,-,-,-,-,1753793284476
政企客户部,20250629,1,1,一经,P0,100%,84%,100%,100%,100%,100%,100%,1753793284477
政企客户部,20250629,1,1,其他,P5,100%,88%,100%,100%,100%,100%,100%,1753793284478
政企客户部,20250629,1,1,掌经,P1,-,-,-,-,-,-,-,1753793284479
政企客户部,20250629,1,1,移动办公常关注,P4,-,-,-,-,-,-,-,1753793284480
政企客户部,20250629,1,1,重点监控,P3,-,-,-,-,-,-,-,1753793284481
政企客户部,20250629,1,2,一经,P0,100%,84%,100%,100%,100%,100%,100%,1753793284482
政企客户部,20250629,1,2,其他,P5,100%,88%,100%,100%,100%,100%,100%,1753793284483
政企客户部,20250629,1,2,掌经,P1,-,-,-,-,-,-,-,1753793284484
政企客户部,20250629,1,2,移动办公常关注,P4,-,-,-,-,-,-,-,1753793284485
政企客户部,20250629,1,2,重点监控,P3,-,-,-,-,-,-,-,1753793284486
政企客户部,20250629,2,1,一经,P0,100%,84%,100%,100%,100%,100%,100%,1753793284487
政企客户部,20250629,2,1,其他,P5,100%,88%,100%,100%,100%,100%,100%,1753793284488
政企客户部,20250629,2,1,掌经,P1,-,-,-,-,-,-,-,1753793284489
政企客户部,20250629,2,1,移动办公常关注,P4,-,-,-,-,-,-,-,1753793284490
政企客户部,20250629,2,1,重点监控,P3,-,-,-,-,-,-,-,1753793284491
政企客户部,20250629,2,2,一经,P0,100%,84%,100%,100%,100%,100%,100%,1753793284492
政企客户部,20250629,2,2,其他,P5,100%,88%,100%,100%,100%,100%,100%,1753793284493
政企客户部,20250629,2,2,掌经,P1,-,-,-,-,-,-,-,1753793284494
政企客户部,20250629,2,2,移动办公常关注,P4,-,-,-,-,-,-,-,1753793284495
政企客户部,20250629,2,2,重点监控,P3,-,-,-,-,-,-,-,1753793284496
政企客户部,20250629,3,1,一经,P0,100%,84%,100%,100%,100%,100%,100%,1753793284497
政企客户部,20250629,3,1,其他,P5,100%,88%,100%,100%,100%,100%,100%,1753793284498
政企客户部,20250629,3,1,掌经,P1,-,-,-,-,-,-,-,1753793284499
政企客户部,20250629,3,1,移动办公常关注,P4,-,-,-,-,-,-,-,1753793284500
政企客户部,20250629,3,1,重点监控,P3,-,-,-,-,-,-,-,1753793284501
政企客户部,20250629,3,2,一经,P0,100%,84%,100%,100%,100%,100%,100%,1753793284502
政企客户部,20250629,3,2,其他,P5,100%,88%,100%,100%,100%,100%,100%,1753793284503
政企客户部,20250629,3,2,掌经,P1,-,-,-,-,-,-,-,1753793284504
政企客户部,20250629,3,2,移动办公常关注,P4,-,-,-,-,-,-,-,1753793284505
政企客户部,20250629,3,2,重点监控,P3,-,-,-,-,-,-,-,1753793284506
客户服务中心,20250629,1,1,一经,P0,100%,80%,100%,100%,100%,100%,100%,1753793284507
客户服务中心,20250629,1,1,其他,P5,-,-,-,-,-,-,-,1753793284508
客户服务中心,20250629,1,1,掌经,P1,-,-,-,-,-,-,-,1753793284509
客户服务中心,20250629,1,1,移动办公常关注,P4,-,-,-,-,-,-,-,1753793284510
客户服务中心,20250629,1,1,重点监控,P3,-,-,-,-,-,-,-,1753793284511
客户服务中心,20250629,1,2,一经,P0,100%,80%,100%,100%,100%,100%,100%,1753793284512
客户服务中心,20250629,1,2,其他,P5,-,-,-,-,-,-,-,1753793284513
客户服务中心,20250629,1,2,掌经,P1,-,-,-,-,-,-,-,1753793284514
客户服务中心,20250629,1,2,移动办公常关注,P4,-,-,-,-,-,-,-,1753793284515
客户服务中心,20250629,1,2,重点监控,P3,-,-,-,-,-,-,-,1753793284516
客户服务中心,20250629,2,1,一经,P0,100%,80%,100%,100%,100%,100%,100%,1753793284517
客户服务中心,20250629,2,1,其他,P5,-,-,-,-,-,-,-,1753793284518
客户服务中心,20250629,2,1,掌经,P1,-,-,-,-,-,-,-,1753793284519
客户服务中心,20250629,2,1,移动办公常关注,P4,-,-,-,-,-,-,-,1753793284520
客户服务中心,20250629,2,1,重点监控,P3,-,-,-,-,-,-,-,1753793284521
客户服务中心,20250629,2,2,一经,P0,100%,80%,100%,100%,100%,100%,100%,1753793284522
客户服务中心,20250629,2,2,其他,P5,-,-,-,-,-,-,-,1753793284523
客户服务中心,20250629,2,2,掌经,P1,-,-,-,-,-,-,-,1753793284524
客户服务中心,20250629,2,2,移动办公常关注,P4,-,-,-,-,-,-,-,1753793284525
客户服务中心,20250629,2,2,重点监控,P3,-,-,-,-,-,-,-,1753793284526
客户服务中心,20250629,3,1,一经,P0,100%,80%,100%,100%,100%,100%,100%,1753793284527
客户服务中心,20250629,3,1,其他,P5,-,-,-,-,-,-,-,1753793284528
客户服务中心,20250629,3,1,掌经,P1,-,-,-,-,-,-,-,1753793284529
客户服务中心,20250629,3,1,移动办公常关注,P4,-,-,-,-,-,-,-,1753793284530
客户服务中心,20250629,3,1,重点监控,P3,-,-,-,-,-,-,-,1753793284531
客户服务中心,20250629,3,2,一经,P0,100%,80%,100%,100%,100%,100%,100%,1753793284532
客户服务中心,20250629,3,2,其他,P5,-,-,-,-,-,-,-,1753793284533
客户服务中心,20250629,3,2,掌经,P1,-,-,-,-,-,-,-,1753793284534
客户服务中心,20250629,3,2,移动办公常关注,P4,-,-,-,-,-,-,-,1753793284535
客户服务中心,20250629,3,2,重点监控,P3,-,-,-,-,-,-,-,1753793284536
业务管理室,20250629,1,1,一经,P0,100%,100%,100%,100%,100%,100%,100%,1753793284537
业务管理室,20250629,1,1,其他,P5,100%,80%,100%,100%,100%,100%,100%,1753793284538
业务管理室,20250629,1,1,掌经,P1,-,-,-,-,-,-,-,1753793284539
业务管理室,20250629,1,1,移动办公常关注,P4,-,-,-,-,-,-,-,1753793284540
业务管理室,20250629,1,1,重点监控,P3,-,-,-,-,-,-,-,1753793284541
业务管理室,20250629,1,2,一经,P0,100%,100%,100%,100%,100%,100%,100%,1753793284542
业务管理室,20250629,1,2,其他,P5,100%,80%,100%,100%,100%,100%,100%,1753793284543
业务管理室,20250629,1,2,掌经,P1,-,-,-,-,-,-,-,1753793284544
业务管理室,20250629,1,2,移动办公常关注,P4,-,-,-,-,-,-,-,1753793284545
业务管理室,20250629,1,2,重点监控,P3,-,-,-,-,-,-,-,1753793284546
业务管理室,20250629,2,1,一经,P0,100%,100%,100%,100%,100%,100%,100%,1753793284547
业务管理室,20250629,2,1,其他,P5,100%,80%,100%,100%,100%,100%,100%,1753793284548
业务管理室,20250629,2,1,掌经,P1,-,-,-,-,-,-,-,1753793284549
业务管理室,20250629,2,1,移动办公常关注,P4,-,-,-,-,-,-,-,1753793284550
业务管理室,20250629,2,1,重点监控,P3,-,-,-,-,-,-,-,1753793284551
业务管理室,20250629,2,2,一经,P0,100%,100%,100%,100%,100%,100%,100%,1753793284552
业务管理室,20250629,2,2,其他,P5,100%,80%,100%,100%,100%,100%,100%,1753793284553
业务管理室,20250629,2,2,掌经,P1,-,-,-,-,-,-,-,1753793284554
业务管理室,20250629,2,2,移动办公常关注,P4,-,-,-,-,-,-,-,1753793284555
业务管理室,20250629,2,2,重点监控,P3,-,-,-,-,-,-,-,1753793284556
业务管理室,20250629,3,1,一经,P0,100%,100%,100%,100%,100%,100%,100%,1753793284557
业务管理室,20250629,3,1,其他,P5,100%,80%,100%,100%,100%,100%,100%,1753793284558
业务管理室,20250629,3,1,掌经,P1,-,-,-,-,-,-,-,1753793284559
业务管理室,20250629,3,1,移动办公常关注,P4,-,-,-,-,-,-,-,1753793284560
业务管理室,20250629,3,1,重点监控,P3,-,-,-,-,-,-,-,1753793284561
业务管理室,20250629,3,2,一经,P0,100%,100%,100%,100%,100%,100%,100%,1753793284562
业务管理室,20250629,3,2,其他,P5,100%,80%,100%,100%,100%,100%,100%,1753793284563
业务管理室,20250629,3,2,掌经,P1,-,-,-,-,-,-,-,1753793284564
业务管理室,20250629,3,2,移动办公常关注,P4,-,-,-,-,-,-,-,1753793284565
业务管理室,20250629,3,2,重点监控,P3,-,-,-,-,-,-,-,1753793284566
渠道中心,20250629,1,1,一经,P0,100%,79%,100%,100%,100%,100%,100%,1753793284567
渠道中心,20250629,1,1,其他,P5,-,-,-,-,-,-,-,1753793284568
渠道中心,20250629,1,1,掌经,P1,-,-,-,-,-,-,-,1753793284569
渠道中心,20250629,1,1,移动办公常关注,P4,-,-,-,-,-,-,-,1753793284570
渠道中心,20250629,1,1,重点监控,P3,-,-,-,-,-,-,-,1753793284571
渠道中心,20250629,1,2,一经,P0,100%,79%,100%,100%,100%,100%,100%,1753793284572
渠道中心,20250629,1,2,其他,P5,-,-,-,-,-,-,-,1753793284573
渠道中心,20250629,1,2,掌经,P1,-,-,-,-,-,-,-,1753793284574
渠道中心,20250629,1,2,移动办公常关注,P4,-,-,-,-,-,-,-,1753793284575
渠道中心,20250629,1,2,重点监控,P3,-,-,-,-,-,-,-,1753793284576
渠道中心,20250629,2,1,一经,P0,100%,79%,100%,100%,100%,100%,100%,1753793284577
渠道中心,20250629,2,1,其他,P5,-,-,-,-,-,-,-,1753793284578
渠道中心,20250629,2,1,掌经,P1,-,-,-,-,-,-,-,1753793284579
渠道中心,20250629,2,1,移动办公常关注,P4,-,-,-,-,-,-,-,1753793284580
渠道中心,20250629,2,1,重点监控,P3,-,-,-,-,-,-,-,1753793284581
渠道中心,20250629,2,2,一经,P0,100%,79%,100%,100%,100%,100%,100%,1753793284582
渠道中心,20250629,2,2,其他,P5,-,-,-,-,-,-,-,1753793284583
渠道中心,20250629,2,2,掌经,P1,-,-,-,-,-,-,-,1753793284584
渠道中心,20250629,2,2,移动办公常关注,P4,-,-,-,-,-,-,-,1753793284585
渠道中心,20250629,2,2,重点监控,P3,-,-,-,-,-,-,-,1753793284586
渠道中心,20250629,3,1,一经,P0,100%,79%,100%,100%,100%,100%,100%,1753793284587
渠道中心,20250629,3,1,其他,P5,-,-,-,-,-,-,-,1753793284588
渠道中心,20250629,3,1,掌经,P1,-,-,-,-,-,-,-,1753793284589
渠道中心,20250629,3,1,移动办公常关注,P4,-,-,-,-,-,-,-,1753793284590
渠道中心,20250629,3,1,重点监控,P3,-,-,-,-,-,-,-,1753793284591
渠道中心,20250629,3,2,一经,P0,100%,79%,100%,100%,100%,100%,100%,1753793284592
渠道中心,20250629,3,2,其他,P5,-,-,-,-,-,-,-,1753793284593
渠道中心,20250629,3,2,掌经,P1,-,-,-,-,-,-,-,1753793284594
渠道中心,20250629,3,2,移动办公常关注,P4,-,-,-,-,-,-,-,1753793284595
渠道中心,20250629,3,2,重点监控,P3,-,-,-,-,-,-,-,1753793284596
政企客户中心,20250629,1,1,一经,P0,100%,86%,100%,100%,100%,100%,100%,1753793284597
政企客户中心,20250629,1,1,其他,P5,-,-,-,-,-,-,-,1753793284598
政企客户中心,20250629,1,1,掌经,P1,-,-,-,-,-,-,-,1753793284599
政企客户中心,20250629,1,1,移动办公常关注,P4,-,-,-,-,-,-,-,1753793284600
政企客户中心,20250629,1,1,重点监控,P3,-,-,-,-,-,-,-,1753793284601
政企客户中心,20250629,1,2,一经,P0,100%,86%,100%,100%,100%,100%,100%,1753793284602
政企客户中心,20250629,1,2,其他,P5,-,-,-,-,-,-,-,1753793284603
政企客户中心,20250629,1,2,掌经,P1,-,-,-,-,-,-,-,1753793284604
政企客户中心,20250629,1,2,移动办公常关注,P4,-,-,-,-,-,-,-,1753793284605
政企客户中心,20250629,1,2,重点监控,P3,-,-,-,-,-,-,-,1753793284606
政企客户中心,20250629,2,1,一经,P0,100%,86%,100%,100%,100%,100%,100%,1753793284607
政企客户中心,20250629,2,1,其他,P5,-,-,-,-,-,-,-,1753793284608
政企客户中心,20250629,2,1,掌经,P1,-,-,-,-,-,-,-,1753793284609
政企客户中心,20250629,2,1,移动办公常关注,P4,-,-,-,-,-,-,-,1753793284610
政企客户中心,20250629,2,1,重点监控,P3,-,-,-,-,-,-,-,1753793284611
政企客户中心,20250629,2,2,一经,P0,100%,86%,100%,100%,100%,100%,100%,1753793284612
政企客户中心,20250629,2,2,其他,P5,-,-,-,-,-,-,-,1753793284613
政企客户中心,20250629,2,2,掌经,P1,-,-,-,-,-,-,-,1753793284614
政企客户中心,20250629,2,2,移动办公常关注,P4,-,-,-,-,-,-,-,1753793284615
政企客户中心,20250629,2,2,重点监控,P3,-,-,-,-,-,-,-,1753793284616
政企客户中心,20250629,3,1,一经,P0,100%,86%,100%,100%,100%,100%,100%,1753793284617
政企客户中心,20250629,3,1,其他,P5,-,-,-,-,-,-,-,1753793284618
政企客户中心,20250629,3,1,掌经,P1,-,-,-,-,-,-,-,1753793284619
政企客户中心,20250629,3,1,移动办公常关注,P4,-,-,-,-,-,-,-,1753793284620
政企客户中心,20250629,3,1,重点监控,P3,-,-,-,-,-,-,-,1753793284621
政企客户中心,20250629,3,2,一经,P0,100%,86%,100%,100%,100%,100%,100%,1753793284622
政企客户中心,20250629,3,2,其他,P5,-,-,-,-,-,-,-,1753793284623
政企客户中心,20250629,3,2,掌经,P1,-,-,-,-,-,-,-,1753793284624
政企客户中心,20250629,3,2,移动办公常关注,P4,-,-,-,-,-,-,-,1753793284625
政企客户中心,20250629,3,2,重点监控,P3,-,-,-,-,-,-,-,1753793284626
云计算和客户响应中心,20250629,1,1,一经,P0,100%,93%,100%,100%,100%,100%,100%,1753793284627
云计算和客户响应中心,20250629,1,1,其他,P5,100%,72%,100%,100%,100%,100%,100%,1753793284628
云计算和客户响应中心,20250629,1,1,掌经,P1,-,-,-,-,-,-,-,1753793284629
云计算和客户响应中心,20250629,1,1,移动办公常关注,P4,-,-,-,-,-,-,-,1753793284630
云计算和客户响应中心,20250629,1,1,重点监控,P3,-,-,-,-,-,-,-,1753793284631
云计算和客户响应中心,20250629,1,2,一经,P0,100%,93%,100%,100%,100%,100%,100%,1753793284632
云计算和客户响应中心,20250629,1,2,其他,P5,100%,72%,100%,100%,100%,100%,100%,1753793284633
云计算和客户响应中心,20250629,1,2,掌经,P1,-,-,-,-,-,-,-,1753793284634
云计算和客户响应中心,20250629,1,2,移动办公常关注,P4,-,-,-,-,-,-,-,1753793284635
云计算和客户响应中心,20250629,1,2,重点监控,P3,-,-,-,-,-,-,-,1753793284636
云计算和客户响应中心,20250629,2,1,一经,P0,100%,93%,100%,100%,100%,100%,100%,1753793284637
云计算和客户响应中心,20250629,2,1,其他,P5,100%,72%,100%,100%,100%,100%,100%,1753793284638
云计算和客户响应中心,20250629,2,1,掌经,P1,-,-,-,-,-,-,-,1753793284639
云计算和客户响应中心,20250629,2,1,移动办公常关注,P4,-,-,-,-,-,-,-,1753793284640
云计算和客户响应中心,20250629,2,1,重点监控,P3,-,-,-,-,-,-,-,1753793284641
云计算和客户响应中心,20250629,2,2,一经,P0,100%,93%,100%,100%,100%,100%,100%,1753793284642
云计算和客户响应中心,20250629,2,2,其他,P5,100%,72%,100%,100%,100%,100%,100%,1753793284643
云计算和客户响应中心,20250629,2,2,掌经,P1,-,-,-,-,-,-,-,1753793284644
云计算和客户响应中心,20250629,2,2,移动办公常关注,P4,-,-,-,-,-,-,-,1753793284645
云计算和客户响应中心,20250629,2,2,重点监控,P3,-,-,-,-,-,-,-,1753793284646
云计算和客户响应中心,20250629,3,1,一经,P0,100%,93%,100%,100%,100%,100%,100%,1753793284647
云计算和客户响应中心,20250629,3,1,其他,P5,100%,72%,100%,100%,100%,100%,100%,1753793284648
云计算和客户响应中心,20250629,3,1,掌经,P1,-,-,-,-,-,-,-,1753793284649
云计算和客户响应中心,20250629,3,1,移动办公常关注,P4,-,-,-,-,-,-,-,1753793284650
云计算和客户响应中心,20250629,3,1,重点监控,P3,-,-,-,-,-,-,-,1753793284651
云计算和客户响应中心,20250629,3,2,一经,P0,100%,93%,100%,100%,100%,100%,100%,1753793284652
云计算和客户响应中心,20250629,3,2,其他,P5,100%,72%,100%,100%,100%,100%,100%,1753793284653
云计算和客户响应中心,20250629,3,2,掌经,P1,-,-,-,-,-,-,-,1753793284654
云计算和客户响应中心,20250629,3,2,移动办公常关注,P4,-,-,-,-,-,-,-,1753793284655
云计算和客户响应中心,20250629,3,2,重点监控,P3,-,-,-,-,-,-,-,1753793284656
产品研发中心,20250629,1,1,一经,P0,100%,100%,100%,100%,100%,100%,100%,1753793284657
产品研发中心,20250629,1,1,其他,P5,100%,100%,100%,100%,100%,100%,100%,1753793284658
产品研发中心,20250629,1,1,掌经,P1,-,-,-,-,-,-,-,1753793284659
产品研发中心,20250629,1,1,移动办公常关注,P4,-,-,-,-,-,-,-,1753793284660
产品研发中心,20250629,1,1,重点监控,P3,-,-,-,-,-,-,-,1753793284661
产品研发中心,20250629,1,2,一经,P0,100%,100%,100%,100%,100%,100%,100%,1753793284662
产品研发中心,20250629,1,2,其他,P5,100%,100%,100%,100%,100%,100%,100%,1753793284663
产品研发中心,20250629,1,2,掌经,P1,-,-,-,-,-,-,-,1753793284664
产品研发中心,20250629,1,2,移动办公常关注,P4,-,-,-,-,-,-,-,1753793284665
产品研发中心,20250629,1,2,重点监控,P3,-,-,-,-,-,-,-,1753793284666
产品研发中心,20250629,2,1,一经,P0,100%,100%,100%,100%,100%,100%,100%,1753793284667
产品研发中心,20250629,2,1,其他,P5,100%,100%,100%,100%,100%,100%,100%,1753793284668
产品研发中心,20250629,2,1,掌经,P1,-,-,-,-,-,-,-,1753793284669
产品研发中心,20250629,2,1,移动办公常关注,P4,-,-,-,-,-,-,-,1753793284670
产品研发中心,20250629,2,1,重点监控,P3,-,-,-,-,-,-,-,1753793284671
产品研发中心,20250629,2,2,一经,P0,100%,100%,100%,100%,100%,100%,100%,1753793284672
产品研发中心,20250629,2,2,其他,P5,100%,100%,100%,100%,100%,100%,100%,1753793284673
产品研发中心,20250629,2,2,掌经,P1,-,-,-,-,-,-,-,1753793284674
产品研发中心,20250629,2,2,移动办公常关注,P4,-,-,-,-,-,-,-,1753793284675
产品研发中心,20250629,2,2,重点监控,P3,-,-,-,-,-,-,-,1753793284676
产品研发中心,20250629,3,1,一经,P0,100%,100%,100%,100%,100%,100%,100%,1753793284677
产品研发中心,20250629,3,1,其他,P5,100%,100%,100%,100%,100%,100%,100%,1753793284678
产品研发中心,20250629,3,1,掌经,P1,-,-,-,-,-,-,-,1753793284679
产品研发中心,20250629,3,1,移动办公常关注,P4,-,-,-,-,-,-,-,1753793284680
产品研发中心,20250629,3,1,重点监控,P3,-,-,-,-,-,-,-,1753793284681
产品研发中心,20250629,3,2,一经,P0,100%,100%,100%,100%,100%,100%,100%,1753793284682
产品研发中心,20250629,3,2,其他,P5,100%,100%,100%,100%,100%,100%,100%,1753793284683
产品研发中心,20250629,3,2,掌经,P1,-,-,-,-,-,-,-,1753793284684
产品研发中心,20250629,3,2,移动办公常关注,P4,-,-,-,-,-,-,-,1753793284685
产品研发中心,20250629,3,2,重点监控,P3,-,-,-,-,-,-,-,1753793284686
网格和渠道运营中心,20250629,1,1,一经,P0,100%,100%,100%,100%,100%,100%,100%,1753793284687
网格和渠道运营中心,20250629,1,1,其他,P5,100%,96%,100%,100%,100%,100%,100%,1753793284688
网格和渠道运营中心,20250629,1,1,掌经,P1,-,-,-,-,-,-,-,1753793284689
网格和渠道运营中心,20250629,1,1,移动办公常关注,P4,-,-,-,-,-,-,-,1753793284690
网格和渠道运营中心,20250629,1,1,重点监控,P3,-,-,-,-,-,-,-,1753793284691
网格和渠道运营中心,20250629,1,2,一经,P0,100%,100%,100%,100%,100%,100%,100%,1753793284692
网格和渠道运营中心,20250629,1,2,其他,P5,100%,96%,100%,100%,100%,100%,100%,1753793284693
网格和渠道运营中心,20250629,1,2,掌经,P1,-,-,-,-,-,-,-,1753793284694
网格和渠道运营中心,20250629,1,2,移动办公常关注,P4,-,-,-,-,-,-,-,1753793284695
网格和渠道运营中心,20250629,1,2,重点监控,P3,-,-,-,-,-,-,-,1753793284696
网格和渠道运营中心,20250629,2,1,一经,P0,100%,100%,100%,100%,100%,100%,100%,1753793284697
网格和渠道运营中心,20250629,2,1,其他,P5,100%,96%,100%,100%,100%,100%,100%,1753793284698
网格和渠道运营中心,20250629,2,1,掌经,P1,-,-,-,-,-,-,-,1753793284699
网格和渠道运营中心,20250629,2,1,移动办公常关注,P4,-,-,-,-,-,-,-,1753793284700
网格和渠道运营中心,20250629,2,1,重点监控,P3,-,-,-,-,-,-,-,1753793284701
网格和渠道运营中心,20250629,2,2,一经,P0,100%,100%,100%,100%,100%,100%,100%,1753793284702
网格和渠道运营中心,20250629,2,2,其他,P5,100%,96%,100%,100%,100%,100%,100%,1753793284703
网格和渠道运营中心,20250629,2,2,掌经,P1,-,-,-,-,-,-,-,1753793284704
网格和渠道运营中心,20250629,2,2,移动办公常关注,P4,-,-,-,-,-,-,-,1753793284705
网格和渠道运营中心,20250629,2,2,重点监控,P3,-,-,-,-,-,-,-,1753793284706
网格和渠道运营中心,20250629,3,1,一经,P0,100%,100%,100%,100%,100%,100%,100%,1753793284707
网格和渠道运营中心,20250629,3,1,其他,P5,100%,96%,100%,100%,100%,100%,100%,1753793284708
网格和渠道运营中心,20250629,3,1,掌经,P1,-,-,-,-,-,-,-,1753793284709
网格和渠道运营中心,20250629,3,1,移动办公常关注,P4,-,-,-,-,-,-,-,1753793284710
网格和渠道运营中心,20250629,3,1,重点监控,P3,-,-,-,-,-,-,-,1753793284711
网格和渠道运营中心,20250629,3,2,一经,P0,100%,100%,100%,100%,100%,100%,100%,1753793284712
网格和渠道运营中心,20250629,3,2,其他,P5,100%,96%,100%,100%,100%,100%,100%,1753793284713
网格和渠道运营中心,20250629,3,2,掌经,P1,-,-,-,-,-,-,-,1753793284714
网格和渠道运营中心,20250629,3,2,移动办公常关注,P4,-,-,-,-,-,-,-,1753793284715
网格和渠道运营中心,20250629,3,2,重点监控,P3,-,-,-,-,-,-,-,1753793284716
客户运营中心-政企运营室,20250629,1,1,一经,P0,-,-,-,-,-,-,-,1753793284717
客户运营中心-政企运营室,20250629,1,1,其他,P5,100%,97%,100%,100%,100%,100%,100%,1753793284718
客户运营中心-政企运营室,20250629,1,1,掌经,P1,-,-,-,-,-,-,-,1753793284719
客户运营中心-政企运营室,20250629,1,1,移动办公常关注,P4,-,-,-,-,-,-,-,1753793284720
客户运营中心-政企运营室,20250629,1,1,重点监控,P3,-,-,-,-,-,-,-,1753793284721
客户运营中心-政企运营室,20250629,1,2,一经,P0,-,-,-,-,-,-,-,1753793284722
客户运营中心-政企运营室,20250629,1,2,其他,P5,100%,97%,100%,100%,100%,100%,100%,1753793284723
客户运营中心-政企运营室,20250629,1,2,掌经,P1,-,-,-,-,-,-,-,1753793284724
客户运营中心-政企运营室,20250629,1,2,移动办公常关注,P4,-,-,-,-,-,-,-,1753793284725
客户运营中心-政企运营室,20250629,1,2,重点监控,P3,-,-,-,-,-,-,-,1753793284726
客户运营中心-政企运营室,20250629,2,1,一经,P0,-,-,-,-,-,-,-,1753793284727
客户运营中心-政企运营室,20250629,2,1,其他,P5,100%,97%,100%,100%,100%,100%,100%,1753793284728
客户运营中心-政企运营室,20250629,2,1,掌经,P1,-,-,-,-,-,-,-,1753793284729
客户运营中心-政企运营室,20250629,2,1,移动办公常关注,P4,-,-,-,-,-,-,-,1753793284730
客户运营中心-政企运营室,20250629,2,1,重点监控,P3,-,-,-,-,-,-,-,1753793284731
客户运营中心-政企运营室,20250629,2,2,一经,P0,-,-,-,-,-,-,-,1753793284732
客户运营中心-政企运营室,20250629,2,2,其他,P5,100%,97%,100%,100%,100%,100%,100%,1753793284733
客户运营中心-政企运营室,20250629,2,2,掌经,P1,-,-,-,-,-,-,-,1753793284734
客户运营中心-政企运营室,20250629,2,2,移动办公常关注,P4,-,-,-,-,-,-,-,1753793284735
客户运营中心-政企运营室,20250629,2,2,重点监控,P3,-,-,-,-,-,-,-,1753793284736
客户运营中心-政企运营室,20250629,3,1,一经,P0,-,-,-,-,-,-,-,1753793284737
客户运营中心-政企运营室,20250629,3,1,其他,P5,100%,97%,100%,100%,100%,100%,100%,1753793284738
客户运营中心-政企运营室,20250629,3,1,掌经,P1,-,-,-,-,-,-,-,1753793284739
客户运营中心-政企运营室,20250629,3,1,移动办公常关注,P4,-,-,-,-,-,-,-,1753793284740
客户运营中心-政企运营室,20250629,3,1,重点监控,P3,-,-,-,-,-,-,-,1753793284741
客户运营中心-政企运营室,20250629,3,2,一经,P0,-,-,-,-,-,-,-,1753793284742
客户运营中心-政企运营室,20250629,3,2,其他,P5,100%,97%,100%,100%,100%,100%,100%,1753793284743
客户运营中心-政企运营室,20250629,3,2,掌经,P1,-,-,-,-,-,-,-,1753793284744
客户运营中心-政企运营室,20250629,3,2,移动办公常关注,P4,-,-,-,-,-,-,-,1753793284745
客户运营中心-政企运营室,20250629,3,2,重点监控,P3,-,-,-,-,-,-,-,1753793284746
网络部,20250629,1,1,一经,P0,-,-,-,-,-,-,-,1753793284747
网络部,20250629,1,1,其他,P5,100%,81%,100%,100%,100%,100%,100%,1753793284748
网络部,20250629,1,1,掌经,P1,-,-,-,-,-,-,-,1753793284749
网络部,20250629,1,1,移动办公常关注,P4,-,-,-,-,-,-,-,1753793284750
网络部,20250629,1,1,重点监控,P3,-,-,-,-,-,-,-,1753793284751
网络部,20250629,1,2,一经,P0,-,-,-,-,-,-,-,1753793284752
网络部,20250629,1,2,其他,P5,100%,81%,100%,100%,100%,100%,100%,1753793284753
网络部,20250629,1,2,掌经,P1,-,-,-,-,-,-,-,1753793284754
网络部,20250629,1,2,移动办公常关注,P4,-,-,-,-,-,-,-,1753793284755
网络部,20250629,1,2,重点监控,P3,-,-,-,-,-,-,-,1753793284756
网络部,20250629,2,1,一经,P0,-,-,-,-,-,-,-,1753793284757
网络部,20250629,2,1,其他,P5,100%,81%,100%,100%,100%,100%,100%,1753793284758
网络部,20250629,2,1,掌经,P1,-,-,-,-,-,-,-,1753793284759
网络部,20250629,2,1,移动办公常关注,P4,-,-,-,-,-,-,-,1753793284760
网络部,20250629,2,1,重点监控,P3,-,-,-,-,-,-,-,1753793284761
网络部,20250629,2,2,一经,P0,-,-,-,-,-,-,-,1753793284762
网络部,20250629,2,2,其他,P5,100%,81%,100%,100%,100%,100%,100%,1753793284763
网络部,20250629,2,2,掌经,P1,-,-,-,-,-,-,-,1753793284764
网络部,20250629,2,2,移动办公常关注,P4,-,-,-,-,-,-,-,1753793284765
网络部,20250629,2,2,重点监控,P3,-,-,-,-,-,-,-,1753793284766
网络部,20250629,3,1,一经,P0,-,-,-,-,-,-,-,1753793284767
网络部,20250629,3,1,其他,P5,100%,81%,100%,100%,100%,100%,100%,1753793284768
网络部,20250629,3,1,掌经,P1,-,-,-,-,-,-,-,1753793284769
网络部,20250629,3,1,移动办公常关注,P4,-,-,-,-,-,-,-,1753793284770
网络部,20250629,3,1,重点监控,P3,-,-,-,-,-,-,-,1753793284771
网络部,20250629,3,2,一经,P0,-,-,-,-,-,-,-,1753793284772
网络部,20250629,3,2,其他,P5,100%,81%,100%,100%,100%,100%,100%,1753793284773
网络部,20250629,3,2,掌经,P1,-,-,-,-,-,-,-,1753793284774
网络部,20250629,3,2,移动办公常关注,P4,-,-,-,-,-,-,-,1753793284775
网络部,20250629,3,2,重点监控,P3,-,-,-,-,-,-,-,1753793284776
客户响应中心,20250629,1,1,一经,P0,-,-,-,-,-,-,-,1753793284777
客户响应中心,20250629,1,1,其他,P5,100%,100%,100%,100%,100%,100%,100%,1753793284778
客户响应中心,20250629,1,1,掌经,P1,-,-,-,-,-,-,-,1753793284779
客户响应中心,20250629,1,1,移动办公常关注,P4,-,-,-,-,-,-,-,1753793284780
客户响应中心,20250629,1,1,重点监控,P3,-,-,-,-,-,-,-,1753793284781
客户响应中心,20250629,1,2,一经,P0,-,-,-,-,-,-,-,1753793284782
客户响应中心,20250629,1,2,其他,P5,100%,100%,100%,100%,100%,100%,100%,1753793284783
客户响应中心,20250629,1,2,掌经,P1,-,-,-,-,-,-,-,1753793284784
客户响应中心,20250629,1,2,移动办公常关注,P4,-,-,-,-,-,-,-,1753793284785
客户响应中心,20250629,1,2,重点监控,P3,-,-,-,-,-,-,-,1753793284786
客户响应中心,20250629,2,1,一经,P0,-,-,-,-,-,-,-,1753793284787
客户响应中心,20250629,2,1,其他,P5,100%,100%,100%,100%,100%,100%,100%,1753793284788
客户响应中心,20250629,2,1,掌经,P1,-,-,-,-,-,-,-,1753793284789
客户响应中心,20250629,2,1,移动办公常关注,P4,-,-,-,-,-,-,-,1753793284790
客户响应中心,20250629,2,1,重点监控,P3,-,-,-,-,-,-,-,1753793284791
客户响应中心,20250629,2,2,一经,P0,-,-,-,-,-,-,-,1753793284792
客户响应中心,20250629,2,2,其他,P5,100%,100%,100%,100%,100%,100%,100%,1753793284793
客户响应中心,20250629,2,2,掌经,P1,-,-,-,-,-,-,-,1753793284794
客户响应中心,20250629,2,2,移动办公常关注,P4,-,-,-,-,-,-,-,1753793284795
客户响应中心,20250629,2,2,重点监控,P3,-,-,-,-,-,-,-,1753793284796
客户响应中心,20250629,3,1,一经,P0,-,-,-,-,-,-,-,1753793284797
客户响应中心,20250629,3,1,其他,P5,100%,100%,100%,100%,100%,100%,100%,1753793284798
客户响应中心,20250629,3,1,掌经,P1,-,-,-,-,-,-,-,1753793284799
客户响应中心,20250629,3,1,移动办公常关注,P4,-,-,-,-,-,-,-,1753793284800
客户响应中心,20250629,3,1,重点监控,P3,-,-,-,-,-,-,-,1753793284801
客户响应中心,20250629,3,2,一经,P0,-,-,-,-,-,-,-,1753793284802
客户响应中心,20250629,3,2,其他,P5,100%,100%,100%,100%,100%,100%,100%,1753793284803
客户响应中心,20250629,3,2,掌经,P1,-,-,-,-,-,-,-,1753793284804
客户响应中心,20250629,3,2,移动办公常关注,P4,-,-,-,-,-,-,-,1753793284805
客户响应中心,20250629,3,2,重点监控,P3,-,-,-,-,-,-,-,1753793284806
计划建设部,20250629,1,1,一经,P0,-,-,-,-,-,-,-,1753793284807
计划建设部,20250629,1,1,其他,P5,100%,100%,100%,100%,100%,100%,100%,1753793284808
计划建设部,20250629,1,1,掌经,P1,-,-,-,-,-,-,-,1753793284809
计划建设部,20250629,1,1,移动办公常关注,P4,-,-,-,-,-,-,-,1753793284810
计划建设部,20250629,1,1,重点监控,P3,-,-,-,-,-,-,-,1753793284811
计划建设部,20250629,1,2,一经,P0,-,-,-,-,-,-,-,1753793284812
计划建设部,20250629,1,2,其他,P5,100%,100%,100%,100%,100%,100%,100%,1753793284813
计划建设部,20250629,1,2,掌经,P1,-,-,-,-,-,-,-,1753793284814
计划建设部,20250629,1,2,移动办公常关注,P4,-,-,-,-,-,-,-,1753793284815
计划建设部,20250629,1,2,重点监控,P3,-,-,-,-,-,-,-,1753793284816
计划建设部,20250629,2,1,一经,P0,-,-,-,-,-,-,-,1753793284817
计划建设部,20250629,2,1,其他,P5,100%,100%,100%,100%,100%,100%,100%,1753793284818
计划建设部,20250629,2,1,掌经,P1,-,-,-,-,-,-,-,1753793284819
计划建设部,20250629,2,1,移动办公常关注,P4,-,-,-,-,-,-,-,1753793284820
计划建设部,20250629,2,1,重点监控,P3,-,-,-,-,-,-,-,1753793284821
计划建设部,20250629,2,2,一经,P0,-,-,-,-,-,-,-,1753793284822
计划建设部,20250629,2,2,其他,P5,100%,100%,100%,100%,100%,100%,100%,1753793284823
计划建设部,20250629,2,2,掌经,P1,-,-,-,-,-,-,-,1753793284824
计划建设部,20250629,2,2,移动办公常关注,P4,-,-,-,-,-,-,-,1753793284825
计划建设部,20250629,2,2,重点监控,P3,-,-,-,-,-,-,-,1753793284826
计划建设部,20250629,3,1,一经,P0,-,-,-,-,-,-,-,1753793284827
计划建设部,20250629,3,1,其他,P5,100%,100%,100%,100%,100%,100%,100%,1753793284828
计划建设部,20250629,3,1,掌经,P1,-,-,-,-,-,-,-,1753793284829
计划建设部,20250629,3,1,移动办公常关注,P4,-,-,-,-,-,-,-,1753793284830
计划建设部,20250629,3,1,重点监控,P3,-,-,-,-,-,-,-,1753793284831
计划建设部,20250629,3,2,一经,P0,-,-,-,-,-,-,-,1753793284832
计划建设部,20250629,3,2,其他,P5,100%,100%,100%,100%,100%,100%,100%,1753793284833
计划建设部,20250629,3,2,掌经,P1,-,-,-,-,-,-,-,1753793284834
计划建设部,20250629,3,2,移动办公常关注,P4,-,-,-,-,-,-,-,1753793284835
计划建设部,20250629,3,2,重点监控,P3,-,-,-,-,-,-,-,1753793284836
家庭中心,20250629,1,1,一经,P0,-,-,-,-,-,-,-,1753793284837
家庭中心,20250629,1,1,其他,P5,100%,80%,100%,100%,100%,100%,100%,1753793284838
家庭中心,20250629,1,1,掌经,P1,-,-,-,-,-,-,-,1753793284839
家庭中心,20250629,1,1,移动办公常关注,P4,-,-,-,-,-,-,-,1753793284840
家庭中心,20250629,1,1,重点监控,P3,-,-,-,-,-,-,-,1753793284841
家庭中心,20250629,1,2,一经,P0,-,-,-,-,-,-,-,1753793284842
家庭中心,20250629,1,2,其他,P5,100%,80%,100%,100%,100%,100%,100%,1753793284843
家庭中心,20250629,1,2,掌经,P1,-,-,-,-,-,-,-,1753793284844
家庭中心,20250629,1,2,移动办公常关注,P4,-,-,-,-,-,-,-,1753793284845
家庭中心,20250629,1,2,重点监控,P3,-,-,-,-,-,-,-,1753793284846
家庭中心,20250629,2,1,一经,P0,-,-,-,-,-,-,-,1753793284847
家庭中心,20250629,2,1,其他,P5,100%,80%,100%,100%,100%,100%,100%,1753793284848
家庭中心,20250629,2,1,掌经,P1,-,-,-,-,-,-,-,1753793284849
家庭中心,20250629,2,1,移动办公常关注,P4,-,-,-,-,-,-,-,1753793284850
家庭中心,20250629,2,1,重点监控,P3,-,-,-,-,-,-,-,1753793284851
家庭中心,20250629,2,2,一经,P0,-,-,-,-,-,-,-,1753793284852
家庭中心,20250629,2,2,其他,P5,100%,80%,100%,100%,100%,100%,100%,1753793284853
家庭中心,20250629,2,2,掌经,P1,-,-,-,-,-,-,-,1753793284854
家庭中心,20250629,2,2,移动办公常关注,P4,-,-,-,-,-,-,-,1753793284855
家庭中心,20250629,2,2,重点监控,P3,-,-,-,-,-,-,-,1753793284856
家庭中心,20250629,3,1,一经,P0,-,-,-,-,-,-,-,1753793284857
家庭中心,20250629,3,1,其他,P5,100%,80%,100%,100%,100%,100%,100%,1753793284858
家庭中心,20250629,3,1,掌经,P1,-,-,-,-,-,-,-,1753793284859
家庭中心,20250629,3,1,移动办公常关注,P4,-,-,-,-,-,-,-,1753793284860
家庭中心,20250629,3,1,重点监控,P3,-,-,-,-,-,-,-,1753793284861
家庭中心,20250629,3,2,一经,P0,-,-,-,-,-,-,-,1753793284862
家庭中心,20250629,3,2,其他,P5,100%,80%,100%,100%,100%,100%,100%,1753793284863
家庭中心,20250629,3,2,掌经,P1,-,-,-,-,-,-,-,1753793284864
家庭中心,20250629,3,2,移动办公常关注,P4,-,-,-,-,-,-,-,1753793284865
家庭中心,20250629,3,2,重点监控,P3,-,-,-,-,-,-,-,1753793284866
客户服务部,20250629,1,1,一经,P0,-,-,-,-,-,-,-,1753793284867
客户服务部,20250629,1,1,其他,P5,100%,96%,100%,100%,100%,100%,100%,1753793284868
客户服务部,20250629,1,1,掌经,P1,-,-,-,-,-,-,-,1753793284869
客户服务部,20250629,1,1,移动办公常关注,P4,-,-,-,-,-,-,-,1753793284870
客户服务部,20250629,1,1,重点监控,P3,100%,100%,100%,100%,100%,100%,100%,1753793284871
客户服务部,20250629,1,2,一经,P0,-,-,-,-,-,-,-,1753793284872
客户服务部,20250629,1,2,其他,P5,100%,96%,100%,100%,100%,100%,100%,1753793284873
客户服务部,20250629,1,2,掌经,P1,-,-,-,-,-,-,-,1753793284874
客户服务部,20250629,1,2,移动办公常关注,P4,-,-,-,-,-,-,-,1753793284875
客户服务部,20250629,1,2,重点监控,P3,100%,100%,100%,100%,100%,100%,100%,1753793284876
客户服务部,20250629,2,1,一经,P0,-,-,-,-,-,-,-,1753793284877
客户服务部,20250629,2,1,其他,P5,100%,96%,100%,100%,100%,100%,100%,1753793284878
客户服务部,20250629,2,1,掌经,P1,-,-,-,-,-,-,-,1753793284879
客户服务部,20250629,2,1,移动办公常关注,P4,-,-,-,-,-,-,-,1753793284880
客户服务部,20250629,2,1,重点监控,P3,100%,100%,100%,100%,100%,100%,100%,1753793284881
客户服务部,20250629,2,2,一经,P0,-,-,-,-,-,-,-,1753793284882
客户服务部,20250629,2,2,其他,P5,100%,96%,100%,100%,100%,100%,100%,1753793284883
客户服务部,20250629,2,2,掌经,P1,-,-,-,-,-,-,-,1753793284884
客户服务部,20250629,2,2,移动办公常关注,P4,-,-,-,-,-,-,-,1753793284885
客户服务部,20250629,2,2,重点监控,P3,100%,100%,100%,100%,100%,100%,100%,1753793284886
客户服务部,20250629,3,1,一经,P0,-,-,-,-,-,-,-,1753793284887
客户服务部,20250629,3,1,其他,P5,100%,96%,100%,100%,100%,100%,100%,1753793284888
客户服务部,20250629,3,1,掌经,P1,-,-,-,-,-,-,-,1753793284889
客户服务部,20250629,3,1,移动办公常关注,P4,-,-,-,-,-,-,-,1753793284890
客户服务部,20250629,3,1,重点监控,P3,100%,100%,100%,100%,100%,100%,100%,1753793284891
客户服务部,20250629,3,2,一经,P0,-,-,-,-,-,-,-,1753793284892
客户服务部,20250629,3,2,其他,P5,100%,96%,100%,100%,100%,100%,100%,1753793284893
客户服务部,20250629,3,2,掌经,P1,-,-,-,-,-,-,-,1753793284894
客户服务部,20250629,3,2,移动办公常关注,P4,-,-,-,-,-,-,-,1753793284895
客户服务部,20250629,3,2,重点监控,P3,100%,100%,100%,100%,100%,100%,100%,1753793284896
